 M9Q1[K1] = -5.32274098266209972E-001   ! Not used in optimizing
 M9Q2[K1] =  5.93474902135603499E-001   ! Not used in optimizing
 M9Q3[K1] = -6.19367561399890437E-002   ! Not used in optimizing
 M9Q4[K1] = -3.72192989534505081E-001   ! Not used in optimizing
 M9Q5[K1] = -2.31644524548844183E-001   ! Not used in optimizing
 M9Q6[K1] = -4.23686895220148907E-001   ! Not used in optimizing
 M9Q7[K1] =  1.39166816959974571E-001   ! Not used in optimizing
 M9Q8[K1] =  4.98690845425832030E-001   ! Not used in optimizing
 M9Q9[K1] = -3.06775386338723477E-001   ! Not used in optimizing
 M9Q10[K1] = -1.84125990175904530E-001   ! Not used in optimizing
 M9Q11[K1] =  4.98839964117238244E-001   ! Not used in optimizing
 M9Q12[K1] =  4.63261069784327240E-001   ! Not used in optimizing
 M9Q13[K1] =  6.41839409790200821E-002   ! Not used in optimizing
 M9Q14[K1] = -5.70599195045216390E-001   ! Not used in optimizing
 M9Q15[K1] = -1.05139688994732111E-001   ! Not used in optimizing
 M9Q16[K1] =  5.46873580903748047E-001   ! Not used in optimizing
 M9Q17[K1] = -4.22309943881147343E-001   ! Not used in optimizing
 M9Q18[K1] =  3.26170523265798762E-001   ! Not used in optimizing
 M9Q19[K1] =  5.52011739946439928E-001   ! Not used in optimizing
 M9Q20[K1] = -5.33578189779259748E-001   ! Not used in optimizing
 
 end_file
 
 
 ! Top 10
 
 Constraints                            Ref_Ele    Start_Ele   Ele/S    Meas-or-Lim    Model       Merit      Max_Loc
 6@Optics[52]             6@lat::beta.b[END] <target>                    2.2819E+01   2.2819E+01  1.136E-18
 6@Optics[51]             6@lat::beta.a[END] <target>                    1.6824E+00   1.6824E+00  1.597E-19
 Twiss_P19_FinalFive[5]   6@M19Q15[K1]                        87.75     -6.0000E-01  -6.3487E-02  0.000E+00
 Twiss_P19_FinalFive[4]   6@M19Q14[K1]                        86.75      6.0000E-01   5.2864E-01  0.000E+00
 Twiss_P19_FinalFive[3]   6@M19Q13[K1]                        80.75     -6.0000E-01  -1.5133E-01  0.000E+00
 Twiss_P19_FinalFive[2]   6@M19Q12[K1]                        79.75     -6.0000E-01  -1.9480E-01  0.000E+00
 Twiss_P19_FinalFive[1]   6@M19Q11[K1]                        78.75     -6.0000E-01  -2.5119E-02  0.000E+00
 Twiss_P19_MiddleFive[5]  6@M19Q10[K1]                        74.75      6.0000E-01   5.6980E-02  0.000E+00
 Twiss_P19_MiddleFive[4]  6@M19Q9[K1]                         73.75     -6.0000E-01  -5.8457E-02  0.000E+00
 Twiss_P19_MiddleFive[3]  6@M19Q8[K1]                         63.81     -6.0000E-01  -3.1218E-02  0.000E+00
 Constraints                            Ref_Ele    Start_Ele   Ele/S    Meas-or-Lim    Model       Merit      Max_Loc
 
  figure of merit: 1.295704E-18
 
 List of non-zero contributors to the Merit Function:
 Name                                          Merit           Sigma [= sqrt(Chi^2/N)]
 Optics.Twiss                                  1.2957E-18      8.0489E-15
