 M9Q1[K1] = -5.99999999951514318E-001   ! Not used in optimizing
 M9Q2[K1] =  5.40519239006319707E-001   ! Not used in optimizing
 M9Q3[K1] = -1.76477516094874082E-001   ! Not used in optimizing
 M9Q4[K1] = -4.38801505679497883E-001   ! Not used in optimizing
 M9Q5[K1] = -5.95733796634254145E-002   ! Not used in optimizing
 M9Q6[K1] = -9.80415551465353696E-002   ! Not used in optimizing
 M9Q7[K1] =  4.72498709007468043E-001   ! Not used in optimizing
 M9Q8[K1] =  2.11598216684973861E-001   ! Not used in optimizing
 M9Q9[K1] = -3.87656950799475708E-001   ! Not used in optimizing
 M9Q10[K1] = -4.63140837123765317E-002   ! Not used in optimizing
 M9Q11[K1] =  5.81139707010179141E-001   ! Not used in optimizing
 M9Q12[K1] =  5.34713684677891155E-001   ! Not used in optimizing
 M9Q13[K1] =  6.92994165462299250E-002   ! Not used in optimizing
 M9Q14[K1] = -5.70173163591148224E-001   ! Not used in optimizing
 M9Q15[K1] = -9.89896144932104760E-002   ! Not used in optimizing
 M9Q16[K1] =  5.67474849010426552E-001   ! Not used in optimizing
 M9Q17[K1] = -4.50085217902702561E-001   ! Not used in optimizing
 M9Q18[K1] =  3.67345562069525178E-001   ! Not used in optimizing
 M9Q19[K1] =  5.99999999999999978E-001   ! Not used in optimizing
 M9Q20[K1] = -5.99999999999999978E-001   ! Not used in optimizing
 
 end_file
 
 
 ! Top 10
 
 Constraints                          Ref_Ele    Start_Ele   Ele/S    Meas-or-Lim    Model       Merit      Max_Loc
 5@Optics[50]           beta.b <max>            BEGINNING   END        7.0000E+02   1.4590E+03  5.760E+05  M17Q6
 5@Optics[43]           5@lat::alpha.a[END] <target>                   1.3111E+00   1.3111E+00  1.458E+01
 5@Optics[44]           5@lat::alpha.b[END] <target>                  -4.5492E+00  -4.5492E+00  1.077E+01
 5@Optics[41]           5@lat::beta.a[END] <target>                    2.5213E+00   2.5213E+00  2.067E+00
 5@Optics[42]           5@lat::beta.b[END] <target>                    1.0132E+01   1.0132E+01  6.994E-01
 5@Optics[45]           5@lat::eta.a[END] <target>                     8.4100E-02   8.4101E-02  5.844E-01
 5@Optics[46]           5@lat::etap.a[END] <target>                   -3.4900E-02  -3.4900E-02  3.573E-01
 5@Optics[49]           beta.a <max>            BEGINNING   END        7.0000E+02   5.6689E+02  0.000E+00  D1710#5
 Twiss_P17_FirstSix[4]  5@M17Q4[K1]                         49.23     -6.0000E-01  -3.7531E-02  0.000E+00
 Twiss_P17_FirstSix[3]  5@M17Q3[K1]                         38.16      6.0000E-01   5.0883E-01  0.000E+00
 Constraints                          Ref_Ele    Start_Ele   Ele/S    Meas-or-Lim    Model       Merit      Max_Loc
 
  figure of merit: 5.760671E+05
 
 List of non-zero contributors to the Merit Function:
 Name                                          Merit           Sigma [= sqrt(Chi^2/N)]
 Optics.Twiss                                  5.7607E+05      2.8686E+02
