 M9Q1[K1] = -5.99999999951514318E-001   ! Not used in optimizing
 M9Q2[K1] =  5.40519239006319707E-001   ! Not used in optimizing
 M9Q3[K1] = -1.76477516094874082E-001   ! Not used in optimizing
 M9Q4[K1] = -4.38801505679497883E-001   ! Not used in optimizing
 M9Q5[K1] = -5.95733796634254145E-002   ! Not used in optimizing
 M9Q6[K1] = -9.80415551465353696E-002   ! Not used in optimizing
 M9Q7[K1] =  4.72498709007468043E-001   ! Not used in optimizing
 M9Q8[K1] =  2.11598216684973861E-001   ! Not used in optimizing
 M9Q9[K1] = -3.87656950799475708E-001   ! Not used in optimizing
 M9Q10[K1] = -4.63140837123765317E-002   ! Not used in optimizing
 M9Q11[K1] =  5.81139707010179141E-001   ! Not used in optimizing
 M9Q12[K1] =  5.34713684677891155E-001   ! Not used in optimizing
 M9Q13[K1] =  6.92994165462299250E-002   ! Not used in optimizing
 M9Q14[K1] = -5.70173163591148224E-001   ! Not used in optimizing
 M9Q15[K1] = -9.89896144932104760E-002   ! Not used in optimizing
 M9Q16[K1] =  5.67474849010426552E-001   ! Not used in optimizing
 M9Q17[K1] = -4.50085217902702561E-001   ! Not used in optimizing
 M9Q18[K1] =  3.67345562069525178E-001   ! Not used in optimizing
 M9Q19[K1] =  5.99999999999999978E-001   ! Not used in optimizing
 M9Q20[K1] = -5.99999999999999978E-001   ! Not used in optimizing
 
 end_file
 
 
 ! Top 10
 
 Constraints                           Ref_Ele    Start_Ele   Ele/S    Meas-or-Lim    Model       Merit      Max_Loc
 2@Optics[12]            2@lat::beta.b[END] <target>                    6.4768E+00   6.4768E+00  9.664E-18
 2@Optics[11]            2@lat::beta.a[END] <target>                    2.9506E+00   2.9506E+00  3.994E-18
 2@Optics[15]            2@lat::eta.a[END] <target>                     4.5700E-02   4.5700E-02  7.889E-23
 2@Optics[14]            2@lat::alpha.b[END] <target>                  -3.0366E+00  -3.0366E+00  2.840E-23
 2@Optics[16]            2@lat::etap.a[END] <target>                   -2.6400E-02  -2.6400E-02  2.123E-24
 2@Optics[13]            2@lat::alpha.a[END] <target>                   1.8215E+00   1.8215E+00  1.775E-24
 2@Optics[20]            beta.b <max>            BEGINNING   END        7.0000E+02   7.0000E+02  3.231E-25  D1105#5
 2@Optics[19]            beta.a <max>            BEGINNING   END        7.0000E+02   2.9197E+02  0.000E+00  M11Q14
 Twiss_P11_FirstFour[1]  2@M11Q1[K1]                         32.11      6.0000E-01   2.9366E-01  0.000E+00
 Twiss_P11_FirstFour[2]  2@M11Q2[K1]                         36.36     -6.0000E-01  -2.1573E-01  0.000E+00
 Constraints                           Ref_Ele    Start_Ele   Ele/S    Meas-or-Lim    Model       Merit      Max_Loc
 
  figure of merit: 1.365727E-17
 
 List of non-zero contributors to the Merit Function:
 Name                                          Merit           Sigma [= sqrt(Chi^2/N)]
 Optics.Twiss                                  1.3657E-17      2.1531E-13
