 M9Q1[K1] = -5.32274098266209972E-001   ! Not used in optimizing
 M9Q2[K1] =  5.93474902135603499E-001   ! Not used in optimizing
 M9Q3[K1] = -6.19367561399890437E-002   ! Not used in optimizing
 M9Q4[K1] = -3.72192989534505081E-001   ! Not used in optimizing
 M9Q5[K1] = -2.31644524548844183E-001   ! Not used in optimizing
 M9Q6[K1] = -4.59492414532128246E-001   ! Not used in optimizing
 M9Q7[K1] =  1.04616589843836996E-001   ! Not used in optimizing
 M9Q8[K1] =  5.08254355795145996E-001   ! Not used in optimizing
 M9Q9[K1] = -1.28917638629382908E-001   ! Not used in optimizing
 M9Q10[K1] = -5.12038443415919059E-002   ! Not used in optimizing
 M9Q11[K1] =  5.97167119969875593E-001   ! Not used in optimizing
 M9Q12[K1] =  5.98053500707628638E-001   ! Not used in optimizing
 M9Q13[K1] =  8.14388961474573625E-002   ! Not used in optimizing
 M9Q14[K1] = -5.59833928145374471E-001   ! Not used in optimizing
 M9Q15[K1] = -8.61754760604954290E-002   ! Not used in optimizing
 M9Q16[K1] =  5.58508772903637984E-001   ! Not used in optimizing
 M9Q17[K1] = -4.39175041982316661E-001   ! Not used in optimizing
 M9Q18[K1] =  2.95209117415884459E-001   ! Not used in optimizing
 M9Q19[K1] =  5.04112642720189075E-001   ! Not used in optimizing
 M9Q20[K1] = -5.99914408887958217E-001   ! Not used in optimizing
 
 end_file
 
 
 ! Top 10
 
 Constraints                           Ref_Ele    Start_Ele   Ele/S    Meas-or-Lim    Model       Merit      Max_Loc
 5@Optics[52]             5@lat::beta.b[END] <target>                   1.0132E+01   1.0132E+01  3.818E-18
 5@Optics[51]             5@lat::beta.a[END] <target>                   2.5213E+00   2.5213E+00  9.545E-19
 5@Optics[58]             5@lat::r.56[END] <target>                     2.4233E-01   2.4233E-01  7.704E-19
 Twiss_P17_FirstSix[1]    5@M17Q1[K1]                        36.56     -6.0000E-01  -1.8129E-01  0.000E+00
 Twiss_P17_FirstSix[2]    5@M17Q2[K1]                        37.36     -6.0000E-01  -6.0000E-01  0.000E+00
 Twiss_P17_FirstSix[3]    5@M17Q3[K1]                        38.16      6.0000E-01   4.4347E-01  0.000E+00
 Twiss_P17_FirstSix[4]    5@M17Q4[K1]                        49.23      6.0000E-01   1.2663E-01  0.000E+00
 Twiss_P17_FirstSix[5]    5@M17Q5[K1]                        49.87      6.0000E-01   4.8400E-02  0.000E+00
 Twiss_P17_FirstSix[6]    5@M17Q6[K1]                        54.09     -6.0000E-01  -6.8968E-02  0.000E+00
 Twiss_P17_MiddleFour[2]  5@M17Q8[K1]                        64.50     -6.0000E-01  -3.5500E-07  0.000E+00
 Constraints                           Ref_Ele    Start_Ele   Ele/S    Meas-or-Lim    Model       Merit      Max_Loc
 
  figure of merit: 5.542980E-18
 
 List of non-zero contributors to the Merit Function:
 Name                                          Merit           Sigma [= sqrt(Chi^2/N)]
 Optics.Twiss                                  5.5430E-18      1.2613E-14
