 M9Q1[K1] = -5.99999999951514318E-001   ! Not used in optimizing
 M9Q2[K1] =  5.40519239006319707E-001   ! Not used in optimizing
 M9Q3[K1] = -1.76477516094874082E-001   ! Not used in optimizing
 M9Q4[K1] = -4.38801505679497883E-001   ! Not used in optimizing
 M9Q5[K1] = -5.95733796634254145E-002   ! Not used in optimizing
 M9Q6[K1] = -9.68712248397558540E-002   ! Not used in optimizing
 M9Q7[K1] =  5.24252013274931872E-001   ! Not used in optimizing
 M9Q8[K1] =  6.67151916564178715E-002   ! Not used in optimizing
 M9Q9[K1] = -4.19508067168693322E-001   ! Not used in optimizing
 M9Q10[K1] = -9.10688319493593579E-002   ! Not used in optimizing
 M9Q11[K1] =  5.31105970397889315E-001   ! Not used in optimizing
 M9Q12[K1] =  5.31474672237427059E-001   ! Not used in optimizing
 M9Q13[K1] =  1.25813642860499758E-001   ! Not used in optimizing
 M9Q14[K1] = -5.39457397262081639E-001   ! Not used in optimizing
 M9Q15[K1] = -4.59146275990613487E-002   ! Not used in optimizing
 M9Q16[K1] =  5.48267020942627581E-001   ! Not used in optimizing
 M9Q17[K1] = -2.96257352043417854E-001   ! Not used in optimizing
 M9Q18[K1] =  2.02091255593800700E-001   ! Not used in optimizing
 M9Q19[K1] =  5.99999999999999978E-001   ! Not used in optimizing
 M9Q20[K1] = -5.65770104674690799E-001   ! Not used in optimizing
 
 end_file
 
 
 ! Top 10
 
 Constraints                           Ref_Ele    Start_Ele   Ele/S    Meas-or-Lim    Model       Merit      Max_Loc
 6@Optics[51]            6@lat::beta.a[END] <target>                    1.6824E+00   1.6824E+00  2.386E-19
 6@Optics[55]            6@lat::eta.a[END] <target>                     7.2865E-02   7.2865E-02  2.961E-20
 6@Optics[54]            6@lat::alpha.b[END] <target>                  -2.2893E-04  -2.2893E-04  1.674E-21
 6@Optics[53]            6@lat::alpha.a[END] <target>                   2.6113E-05   2.6113E-05  5.409E-22
 6@Optics[56]            6@lat::etap.a[END] <target>                   -7.6926E-07  -7.6926E-07  4.697E-22
 6@Optics[59]            beta.a <max>            BEGINNING   END        7.0000E+02   1.6566E+02  0.000E+00  M19Q2
 6@Optics[60]            beta.b <max>            BEGINNING   END        7.0000E+02   1.3377E+02  0.000E+00  M19Q4
 Twiss_P19_FirstFive[1]  6@M19Q1[K1]                         33.36     -6.0000E-01  -4.0611E-01  0.000E+00
 Twiss_P19_FirstFive[2]  6@M19Q2[K1]                         33.96      6.0000E-01   5.5000E-01  0.000E+00
 Twiss_P19_FirstFive[3]  6@M19Q3[K1]                         43.86      6.0000E-01   5.3558E-03  0.000E+00
 Constraints                           Ref_Ele    Start_Ele   Ele/S    Meas-or-Lim    Model       Merit      Max_Loc
 
  figure of merit: 2.709284E-19
 
 List of non-zero contributors to the Merit Function:
 Name                                          Merit           Sigma [= sqrt(Chi^2/N)]
 Optics.Twiss                                  2.7093E-19      3.1312E-15
