 M9Q1[K1] = -5.99999999951514318E-001   ! Not used in optimizing
 M9Q2[K1] =  5.40519239006319707E-001   ! Not used in optimizing
 M9Q3[K1] = -1.76477516094874082E-001   ! Not used in optimizing
 M9Q4[K1] = -4.38801505679497883E-001   ! Not used in optimizing
 M9Q5[K1] = -5.95733796634254145E-002   ! Not used in optimizing
 M9Q6[K1] = -9.68712248397558540E-002   ! Not used in optimizing
 M9Q7[K1] =  5.24252013274931872E-001   ! Not used in optimizing
 M9Q8[K1] =  6.67151916564178715E-002   ! Not used in optimizing
 M9Q9[K1] = -4.19508067168693322E-001   ! Not used in optimizing
 M9Q10[K1] = -9.10688319493593579E-002   ! Not used in optimizing
 M9Q11[K1] =  5.31105970397889315E-001   ! Not used in optimizing
 M9Q12[K1] =  5.31474672237427059E-001   ! Not used in optimizing
 M9Q13[K1] =  1.25813642860499758E-001   ! Not used in optimizing
 M9Q14[K1] = -5.39457397262081639E-001   ! Not used in optimizing
 M9Q15[K1] = -4.59146275990613487E-002   ! Not used in optimizing
 M9Q16[K1] =  5.48267020942627581E-001   ! Not used in optimizing
 M9Q17[K1] = -2.96257352043417854E-001   ! Not used in optimizing
 M9Q18[K1] =  2.02091255593800700E-001   ! Not used in optimizing
 M9Q19[K1] =  5.99999999999999978E-001   ! Not used in optimizing
 M9Q20[K1] = -5.65770104674690799E-001   ! Not used in optimizing
 
 end_file
 
 
 ! Top 10
 
 Constraints                          Ref_Ele    Start_Ele   Ele/S    Meas-or-Lim    Model       Merit      Max_Loc
 5@Optics[41]           5@lat::beta.a[END] <target>                    1.6261E+00   1.6261E+00  6.390E-19
 5@Optics[42]           5@lat::beta.b[END] <target>                    1.4063E+01   1.4063E+01  3.155E-20
 5@Optics[43]           5@lat::alpha.a[END] <target>                   2.5401E-05   2.5401E-05  2.325E-21
 5@Optics[44]           5@lat::alpha.b[END] <target>                  -1.3987E-04  -1.3987E-04  7.938E-24
 5@Optics[45]           5@lat::eta.a[END] <target>                     6.1641E-02   6.1641E-02  5.566E-24
 5@Optics[46]           5@lat::etap.a[END] <target>                   -6.6020E-07  -6.6020E-07  9.873E-25
 5@Optics[49]           beta.a <max>            BEGINNING   END        7.0000E+02   1.9860E+02  0.000E+00  M17Q7
 5@Optics[50]           beta.b <max>            BEGINNING   END        7.0000E+02   7.0000E+02  0.000E+00  M17Q6
 Twiss_P17_FirstSix[1]  5@M17Q1[K1]                         36.56      6.0000E-01   6.0000E-01  0.000E+00
 Twiss_P17_FirstSix[2]  5@M17Q2[K1]                         37.36     -6.0000E-01  -4.6008E-01  0.000E+00
 Constraints                          Ref_Ele    Start_Ele   Ele/S    Meas-or-Lim    Model       Merit      Max_Loc
 
  figure of merit: 6.728714E-19
 
 List of non-zero contributors to the Merit Function:
 Name                                          Merit           Sigma [= sqrt(Chi^2/N)]
 Optics.Twiss                                  6.7287E-19      2.0001E-14
