 M9Q1[K1] = -4.72379803094406525E-001   ! Not used in optimizing
 M9Q2[K1] =  5.99999999999999978E-001   ! Not used in optimizing
 M9Q3[K1] = -2.60008333537410596E-001   ! Not used in optimizing
 M9Q4[K1] = -5.99999999999999978E-001   ! Not used in optimizing
 M9Q5[K1] = -4.27117436363868785E-001   ! Not used in optimizing
 M9Q6[K1] = -1.25322961214128170E-001   ! Not used in optimizing
 M9Q7[K1] =  5.45270692165363946E-001   ! Not used in optimizing
 M9Q8[K1] =  1.58330246089036480E-001   ! Not used in optimizing
 M9Q9[K1] = -5.99999999999999978E-001   ! Not used in optimizing
 M9Q10[K1] =  7.13686766078034940E-002   ! Not used in optimizing
 M9Q11[K1] =  5.23611024938606562E-001   ! Not used in optimizing
 M9Q12[K1] =  5.40330657075186571E-001   ! Not used in optimizing
 M9Q13[K1] = -1.12876423164233755E-001   ! Not used in optimizing
 M9Q14[K1] = -3.92794926920277176E-001   ! Not used in optimizing
 M9Q15[K1] = -1.66035296562911827E-001   ! Not used in optimizing
 M9Q16[K1] =  5.41738247154276764E-001   ! Not used in optimizing
 M9Q17[K1] =  2.85647053879419521E-001   ! Not used in optimizing
 M9Q18[K1] =  2.81064672355345546E-001   ! Not used in optimizing
 M9Q19[K1] = -1.06456806023196043E-001   ! Not used in optimizing
 M9Q20[K1] = -5.49098986966435332E-001   ! Not used in optimizing
 
 end_file
 
 
 ! Top 10
 
 Constraints                           Ref_Ele    Start_Ele   Ele/S    Meas-or-Lim    Model       Merit      Max_Loc
 2@Optics[12]            2@lat::beta.b[END] <target>                    1.0662E+01   1.0662E+01  2.300E-17
 2@Optics[11]            2@lat::beta.a[END] <target>                    1.1641E+00   1.1641E+00  1.008E-17
 2@Optics[18]            2@lat::r.56[END] <target>                      4.4694E-02   4.4694E-02  1.204E-18
 2@Optics[14]            2@lat::alpha.b[END] <target>                  -1.0407E-04  -1.0407E-04  1.351E-23
 2@Optics[13]            2@lat::alpha.a[END] <target>                   2.6829E-05   2.6829E-05  2.228E-24
 2@Optics[19]            beta.a <max>            BEGINNING   END        7.0000E+02   1.8362E+02  0.000E+00  BEGINNING
 2@Optics[20]            beta.b <max>            BEGINNING   END        7.0000E+02   5.9605E+02  0.000E+00  D1103#2
 Twiss_P11_FirstFour[1]  2@M11Q1[K1]                         32.11      6.0000E-01   1.3495E-01  0.000E+00
 Twiss_P11_FirstFour[2]  2@M11Q2[K1]                         36.36     -6.0000E-01  -2.2371E-04  0.000E+00
 Twiss_P11_FirstFour[3]  2@M11Q3[K1]                         37.36      6.0000E-01   2.4167E-01  0.000E+00
 Constraints                           Ref_Ele    Start_Ele   Ele/S    Meas-or-Lim    Model       Merit      Max_Loc
 
  figure of merit: 3.428904E-17
 
 List of non-zero contributors to the Merit Function:
 Name                                          Merit           Sigma [= sqrt(Chi^2/N)]
 Optics.Twiss                                  3.4289E-17      2.5785E-14
