 M9Q1[K1] = -5.32274098266209972E-001   ! Not used in optimizing
 M9Q2[K1] =  5.93474902135603499E-001   ! Not used in optimizing
 M9Q3[K1] = -6.19367561399890437E-002   ! Not used in optimizing
 M9Q4[K1] = -3.72192989534505081E-001   ! Not used in optimizing
 M9Q5[K1] = -2.31644524548844183E-001   ! Not used in optimizing
 M9Q6[K1] = -4.23686895220148907E-001   ! Not used in optimizing
 M9Q7[K1] =  1.39166816959974571E-001   ! Not used in optimizing
 M9Q8[K1] =  4.98690845425832030E-001   ! Not used in optimizing
 M9Q9[K1] = -3.06775386338723477E-001   ! Not used in optimizing
 M9Q10[K1] = -1.84125990175904530E-001   ! Not used in optimizing
 M9Q11[K1] =  4.98839964117238244E-001   ! Not used in optimizing
 M9Q12[K1] =  4.63261069784327240E-001   ! Not used in optimizing
 M9Q13[K1] =  6.41839409790200821E-002   ! Not used in optimizing
 M9Q14[K1] = -5.70599195045216390E-001   ! Not used in optimizing
 M9Q15[K1] = -1.05139688994732111E-001   ! Not used in optimizing
 M9Q16[K1] =  5.46873580903748047E-001   ! Not used in optimizing
 M9Q17[K1] = -4.22309943881147343E-001   ! Not used in optimizing
 M9Q18[K1] =  3.26170523265798762E-001   ! Not used in optimizing
 M9Q19[K1] =  5.52011739946439928E-001   ! Not used in optimizing
 M9Q20[K1] = -5.33578189779259748E-001   ! Not used in optimizing
 
 end_file
 
 
 ! Top 10
 
 Constraints                            Ref_Ele    Start_Ele   Ele/S    Meas-or-Lim    Model       Merit      Max_Loc
 3@Optics[22]             3@lat::beta.b[END] <target>                    1.0669E+01   1.0669E+01  3.155E-18
 3@Optics[21]             3@lat::beta.a[END] <target>                    1.3998E+00   1.3998E+00  7.889E-21
 3@Optics[28]             3@lat::r.56[END] <target>                      1.2809E-01   1.2809E-01  0.000E+00
 3@Optics[29]             beta.a <max>            BEGINNING   END        7.0000E+02   6.7114E+02  0.000E+00  D1308#5
 3@Optics[30]             beta.b <max>            BEGINNING   END        7.0000E+02   7.0000E+02  0.000E+00  M13Q4
 Twiss_P13_FirstFour[1]   3@M13Q1[K1]                         34.16     -6.0000E-01  -5.5373E-01  0.000E+00
 Twiss_P13_FirstFour[2]   3@M13Q2[K1]                         35.16     -6.0000E-01  -1.1665E-01  0.000E+00
 Twiss_P13_FirstFour[4]   3@M13Q4[K1]                         50.55     -6.0000E-01  -3.7579E-01  0.000E+00
 Twiss_P13_FirstFour[3]   3@M13Q3[K1]                         43.66      6.0000E-01   5.2537E-01  0.000E+00
 Twiss_P13_MiddleFour[2]  3@M13Q6[K1]                         59.66      6.0000E-01   2.6371E-01  0.000E+00
 Constraints                            Ref_Ele    Start_Ele   Ele/S    Meas-or-Lim    Model       Merit      Max_Loc
 
  figure of merit: 3.163332E-18
 
 List of non-zero contributors to the Merit Function:
 Name                                          Merit           Sigma [= sqrt(Chi^2/N)]
 Optics.Twiss                                  3.1633E-18      1.2576E-14
