 M9Q1[K1] = -5.32274098266209972E-001   ! Not used in optimizing
 M9Q2[K1] =  5.93474902135603499E-001   ! Not used in optimizing
 M9Q3[K1] = -6.19367561399890437E-002   ! Not used in optimizing
 M9Q4[K1] = -3.72192989534505081E-001   ! Not used in optimizing
 M9Q5[K1] = -2.31644524548844183E-001   ! Not used in optimizing
 M9Q6[K1] = -4.23686895220148907E-001   ! Not used in optimizing
 M9Q7[K1] =  1.39166816959974571E-001   ! Not used in optimizing
 M9Q8[K1] =  4.98690845425832030E-001   ! Not used in optimizing
 M9Q9[K1] = -3.06775386338723477E-001   ! Not used in optimizing
 M9Q10[K1] = -1.84125990175904530E-001   ! Not used in optimizing
 M9Q11[K1] =  4.98839964117238244E-001   ! Not used in optimizing
 M9Q12[K1] =  4.63261069784327240E-001   ! Not used in optimizing
 M9Q13[K1] =  6.41839409790200821E-002   ! Not used in optimizing
 M9Q14[K1] = -5.70599195045216390E-001   ! Not used in optimizing
 M9Q15[K1] = -1.05139688994732111E-001   ! Not used in optimizing
 M9Q16[K1] =  5.46873580903748047E-001   ! Not used in optimizing
 M9Q17[K1] = -4.22309943881147343E-001   ! Not used in optimizing
 M9Q18[K1] =  3.26170523265798762E-001   ! Not used in optimizing
 M9Q19[K1] =  5.52011739946439928E-001   ! Not used in optimizing
 M9Q20[K1] = -5.33578189779259748E-001   ! Not used in optimizing
 
 end_file
 
 
 ! Top 10
 
 Constraints                          Ref_Ele    Start_Ele   Ele/S    Meas-or-Lim    Model       Merit      Max_Loc
 5@Optics[41]           5@lat::beta.a[END] <target>                    1.6261E+00   1.6261E+00  1.326E-17
 5@Optics[48]           5@lat::r.56[END] <target>                      2.4233E-01   2.4233E-01  3.081E-18
 5@Optics[42]           5@lat::beta.b[END] <target>                    1.4063E+01   1.4063E+01  1.546E-18
 5@Optics[49]           beta.a <max>            BEGINNING   END        7.0000E+02   7.0000E+02  0.000E+00  M17Q4
 5@Optics[50]           beta.b <max>            BEGINNING   END        7.0000E+02   4.9647E+02  0.000E+00  M17Q9
 Twiss_P17_FirstSix[1]  5@M17Q1[K1]                         36.56     -6.0000E-01  -1.8126E-01  0.000E+00
 Twiss_P17_FirstSix[2]  5@M17Q2[K1]                         37.36     -6.0000E-01  -5.9998E-01  0.000E+00
 Twiss_P17_FirstSix[3]  5@M17Q3[K1]                         38.16      6.0000E-01   4.4353E-01  0.000E+00
 Twiss_P17_FirstSix[4]  5@M17Q4[K1]                         49.23      6.0000E-01   1.2661E-01  0.000E+00
 Twiss_P17_FirstSix[5]  5@M17Q5[K1]                         49.87      6.0000E-01   4.8386E-02  0.000E+00
 Constraints                          Ref_Ele    Start_Ele   Ele/S    Meas-or-Lim    Model       Merit      Max_Loc
 
  figure of merit: 1.788841E-17
 
 List of non-zero contributors to the Merit Function:
 Name                                          Merit           Sigma [= sqrt(Chi^2/N)]
 Optics.Twiss                                  1.7888E-17      2.2216E-14
