 M9Q1[K1] = -5.99999999951514318E-001   ! Not used in optimizing
 M9Q2[K1] =  5.40519239006319707E-001   ! Not used in optimizing
 M9Q3[K1] = -1.76477516094874082E-001   ! Not used in optimizing
 M9Q4[K1] = -4.38801505679497883E-001   ! Not used in optimizing
 M9Q5[K1] = -5.95733796634254145E-002   ! Not used in optimizing
 M9Q6[K1] = -9.80415551465353696E-002   ! Not used in optimizing
 M9Q7[K1] =  4.72498709007468043E-001   ! Not used in optimizing
 M9Q8[K1] =  2.11598216684973861E-001   ! Not used in optimizing
 M9Q9[K1] = -3.87656950799475708E-001   ! Not used in optimizing
 M9Q10[K1] = -4.63140837123765317E-002   ! Not used in optimizing
 M9Q11[K1] =  5.81139707010179141E-001   ! Not used in optimizing
 M9Q12[K1] =  5.34713684677891155E-001   ! Not used in optimizing
 M9Q13[K1] =  6.92994165462299250E-002   ! Not used in optimizing
 M9Q14[K1] = -5.70173163591148224E-001   ! Not used in optimizing
 M9Q15[K1] = -9.89896144932104760E-002   ! Not used in optimizing
 M9Q16[K1] =  5.67474849010426552E-001   ! Not used in optimizing
 M9Q17[K1] = -4.50085217902702561E-001   ! Not used in optimizing
 M9Q18[K1] =  3.67345562069525178E-001   ! Not used in optimizing
 M9Q19[K1] =  5.99999999999999978E-001   ! Not used in optimizing
 M9Q20[K1] = -5.99999999999999978E-001   ! Not used in optimizing
 
 end_file
 
 
 ! Top 10
 
 Constraints                           Ref_Ele    Start_Ele   Ele/S    Meas-or-Lim    Model       Merit      Max_Loc
 3@Optics[30]            beta.b <max>            BEGINNING   END        7.0000E+02   1.3097E+03  3.718E+05  D1308#2
 3@Optics[24]            3@lat::alpha.b[END] <target>                  -3.2063E+00  -3.2063E+00  2.432E+01
 3@Optics[22]            3@lat::beta.b[END] <target>                    6.9948E+00   6.9948E+00  1.848E+00
 3@Optics[23]            3@lat::alpha.a[END] <target>                   1.5388E+00   1.5387E+00  1.164E+00
 3@Optics[21]            3@lat::beta.a[END] <target>                    2.7180E+00   2.7180E+00  2.827E-03
 3@Optics[26]            3@lat::etap.a[END] <target>                   -3.0900E-02  -3.0900E-02  1.627E-04
 3@Optics[25]            3@lat::eta.a[END] <target>                     6.0800E-02   6.0800E-02  3.006E-07
 3@Optics[29]            beta.a <max>            BEGINNING   END        7.0000E+02   5.9036E+02  0.000E+00  M13Q12
 Twiss_P13_FirstFour[1]  3@M13Q1[K1]                         34.16      6.0000E-01   5.2473E-01  0.000E+00
 Twiss_P13_FirstFour[3]  3@M13Q3[K1]                         43.66      6.0000E-01   4.0510E-02  0.000E+00
 Constraints                           Ref_Ele    Start_Ele   Ele/S    Meas-or-Lim    Model       Merit      Max_Loc
 
  figure of merit: 3.718007E+05
 
 List of non-zero contributors to the Merit Function:
 Name                                          Merit           Sigma [= sqrt(Chi^2/N)]
 Optics.Twiss                                  3.7180E+05      2.3046E+02
