 M9Q1[K1] = -5.32274098266209972E-001   ! Not used in optimizing
 M9Q2[K1] =  5.93474902135603499E-001   ! Not used in optimizing
 M9Q3[K1] = -6.19367561399890437E-002   ! Not used in optimizing
 M9Q4[K1] = -3.72192989534505081E-001   ! Not used in optimizing
 M9Q5[K1] = -2.31644524548844183E-001   ! Not used in optimizing
 M9Q6[K1] = -4.23686895220148907E-001   ! Not used in optimizing
 M9Q7[K1] =  1.39166816959974571E-001   ! Not used in optimizing
 M9Q8[K1] =  4.98690845425832030E-001   ! Not used in optimizing
 M9Q9[K1] = -3.06775386338723477E-001   ! Not used in optimizing
 M9Q10[K1] = -1.84125990175904530E-001   ! Not used in optimizing
 M9Q11[K1] =  4.98839964117238244E-001   ! Not used in optimizing
 M9Q12[K1] =  4.63261069784327240E-001   ! Not used in optimizing
 M9Q13[K1] =  6.41839409790200821E-002   ! Not used in optimizing
 M9Q14[K1] = -5.70599195045216390E-001   ! Not used in optimizing
 M9Q15[K1] = -1.05139688994732111E-001   ! Not used in optimizing
 M9Q16[K1] =  5.46873580903748047E-001   ! Not used in optimizing
 M9Q17[K1] = -4.22309943881147343E-001   ! Not used in optimizing
 M9Q18[K1] =  3.26170523265798762E-001   ! Not used in optimizing
 M9Q19[K1] =  5.52011739946439928E-001   ! Not used in optimizing
 M9Q20[K1] = -5.33578189779259748E-001   ! Not used in optimizing
 
 end_file
 
 
 ! Top 10
 
 Constraints                            Ref_Ele    Start_Ele   Ele/S    Meas-or-Lim    Model       Merit      Max_Loc
 4@Optics[32]             4@lat::beta.b[END] <target>                    1.1607E+01   1.1607E+01  8.078E-18
 4@Optics[31]             4@lat::beta.a[END] <target>                    1.5386E+00   1.5386E+00  5.966E-20
 Twiss_P15_FinalThree[3]  4@M15Q10[K1]                        76.62     -6.0000E-01  -2.9787E-01  0.000E+00
 Twiss_P15_FinalThree[2]  4@M15Q9[K1]                         72.70      6.0000E-01   4.7710E-01  0.000E+00
 Twiss_P15_FinalThree[1]  4@M15Q8[K1]                         68.11     -6.0000E-01  -3.0621E-01  0.000E+00
 Twiss_P15_MiddleFour[4]  4@M15Q7[K1]                         63.04     -6.0000E-01  -2.7389E-02  0.000E+00
 Twiss_P15_MiddleFour[3]  4@M15Q6[K1]                         62.04      6.0000E-01   1.0091E-01  0.000E+00
 Twiss_P15_MiddleFour[2]  4@M15Q5[K1]                         54.05     -6.0000E-01  -1.2442E-01  0.000E+00
 Twiss_P15_MiddleFour[1]  4@M15Q4[K1]                         48.36      6.0000E-01   5.2870E-02  0.000E+00
 4@Optics[40]             beta.b <max>            BEGINNING   END        7.0000E+02   7.0000E+02  0.000E+00  D1507#2
 Constraints                            Ref_Ele    Start_Ele   Ele/S    Meas-or-Lim    Model       Merit      Max_Loc
 
  figure of merit: 8.137593E-18
 
 List of non-zero contributors to the Merit Function:
 Name                                          Merit           Sigma [= sqrt(Chi^2/N)]
 Optics.Twiss                                  8.1376E-18      2.0171E-14
