! pw2.bmad
! File containing pass 2 optics for the west arc
! Twiss functions, energies, etc.

call, file = machine/WestArc.lat


parameter[geometry] = open           

parameter[p0c]                      = p_CENT
parameter[particle]                 = Electron



beginning[beta_a]    = 2.2535896630493
beginning[alpha_a]   = 1.6160804783151
beginning[eta_x]     = 0.040428627672047
beginning[etap_x]    = -0.026422587314557
beginning[beta_b]    = 6.7000500300389
beginning[alpha_b]   = -3.3394116059546
beginning[eta_y]     = 1.2476296069612E-23
beginning[etap_y]    = 6.9780669081131E-24
beginning[cmat_11]   = -5.0229033026679E-26
beginning[cmat_12]   = 1.1475776629286E-25
beginning[cmat_21]   = 6.4225257978884E-26
beginning[cmat_22]   = -1.3196827989565E-25
particle_start[x]  = -0.018893846377934
particle_start[px] = 8.5285643008371E-3
particle_start[y]  = -7.1324376918822E-25
particle_start[py] = -3.2877341636583E-25
particle_start[pz] = -0.32439024390244 ! Corresponds to 13.85 GeV

