 M9Q1[K1] = -5.12327241388437438E-001   ! Not used in optimizing
 M9Q2[K1] =  5.98585252814414104E-001   ! Not used in optimizing
 M9Q3[K1] = -1.79720264509516586E-001   ! Not used in optimizing
 M9Q4[K1] = -3.66794671098070124E-001   ! Not used in optimizing
 M9Q5[K1] = -2.33827953071186645E-001   ! Not used in optimizing
 M9Q6[K1] = -4.74902891468852451E-001   ! Not used in optimizing
 M9Q7[K1] =  5.99999999999999978E-001   ! Not used in optimizing
 M9Q8[K1] =  4.42944730648552165E-001   ! Not used in optimizing
 M9Q9[K1] = -5.99999999999999978E-001   ! Not used in optimizing
 M9Q10[K1] = -2.82625105321705428E-001   ! Not used in optimizing
 M9Q11[K1] =  5.98108590185153055E-001   ! Not used in optimizing
 M9Q12[K1] =  5.97924280362875593E-001   ! Not used in optimizing
 M9Q13[K1] = -2.07353810004189086E-002   ! Not used in optimizing
 M9Q14[K1] = -5.78337001722433408E-001   ! Not used in optimizing
 M9Q15[K1] = -8.86428772960697470E-002   ! Not used in optimizing
 M9Q16[K1] =  5.99999999999999978E-001   ! Not used in optimizing
 M9Q17[K1] = -4.60021791665212343E-001   ! Not used in optimizing
 M9Q18[K1] =  2.77131784052146835E-001   ! Not used in optimizing
 M9Q19[K1] =  5.99999999999999978E-001   ! Not used in optimizing
 M9Q20[K1] = -5.72685703803746837E-001   ! Not used in optimizing
 
 end_file
 
 
 ! Top 10
 
 Constraints                           Ref_Ele    Start_Ele   Ele/S    Meas-or-Lim    Model       Merit      Max_Loc
 2@Optics[15]            2@lat::eta.a[END] <target>                     4.5665E-02   7.4439E-01  4.882E+07
 2@Optics[16]            2@lat::etap.a[END] <target>                   -2.6444E-02  -3.0046E-01  7.508E+06
 2@Optics[14]            2@lat::alpha.b[END] <target>                  -3.0366E+00  -7.1030E-01  5.412E+06
 2@Optics[13]            2@lat::alpha.a[END] <target>                   1.8215E+00   3.1861E+00  1.862E+06
 2@Optics[19]            beta.a <max>            BEGINNING   END        7.0000E+02   7.1015E+02  1.031E+05  M11Q14
 2@Optics[11]            2@lat::beta.a[END] <target>                    2.9506E+00   2.9506E+00  1.664E+01
 2@Optics[18]            2@lat::r.56[END] <target>                      4.4694E-02   4.4694E-02  5.850E+00
 2@Optics[12]            2@lat::beta.b[END] <target>                    6.4768E+00   6.4768E+00  8.565E-02
 2@Optics[20]            beta.b <max>            BEGINNING   END        7.0000E+02   1.5171E+02  0.000E+00  M11Q10
 Twiss_P11_FirstFour[1]  2@M11Q1[K1]                         32.11     -6.0000E-01  -7.8965E-02  0.000E+00
 Constraints                           Ref_Ele    Start_Ele   Ele/S    Meas-or-Lim    Model       Merit      Max_Loc
 
  figure of merit: 6.370628E+07
 
 List of non-zero contributors to the Merit Function:
 Name                                          Merit           Sigma [= sqrt(Chi^2/N)]
 Optics.Twiss                                  6.3706E+07      3.7238E+00
