 M9Q1[K1] = -5.12327241388437438E-001   ! Not used in optimizing
 M9Q2[K1] =  5.98585252814414104E-001   ! Not used in optimizing
 M9Q3[K1] = -1.79720264509516586E-001   ! Not used in optimizing
 M9Q4[K1] = -3.66794671098070124E-001   ! Not used in optimizing
 M9Q5[K1] = -2.33827953071186645E-001   ! Not used in optimizing
 M9Q6[K1] = -4.74902891468852451E-001   ! Not used in optimizing
 M9Q7[K1] =  5.99999999999999978E-001   ! Not used in optimizing
 M9Q8[K1] =  4.42944730648552165E-001   ! Not used in optimizing
 M9Q9[K1] = -5.99999999999999978E-001   ! Not used in optimizing
 M9Q10[K1] = -2.82625105321705428E-001   ! Not used in optimizing
 M9Q11[K1] =  5.98108590185153055E-001   ! Not used in optimizing
 M9Q12[K1] =  5.97924280362875593E-001   ! Not used in optimizing
 M9Q13[K1] = -2.07353810004189086E-002   ! Not used in optimizing
 M9Q14[K1] = -5.78337001722433408E-001   ! Not used in optimizing
 M9Q15[K1] = -8.86428772960697470E-002   ! Not used in optimizing
 M9Q16[K1] =  5.99999999999999978E-001   ! Not used in optimizing
 M9Q17[K1] = -4.60021791665212343E-001   ! Not used in optimizing
 M9Q18[K1] =  2.77131784052146835E-001   ! Not used in optimizing
 M9Q19[K1] =  5.99999999999999978E-001   ! Not used in optimizing
 M9Q20[K1] = -5.72685703803746837E-001   ! Not used in optimizing
 
 end_file
 
 
 ! Top 10
 
 Constraints                            Ref_Ele    Start_Ele   Ele/S    Meas-or-Lim    Model       Merit      Max_Loc
 4@Optics[43]             4@lat::alpha.a[END] <target>                   1.3995E+00   9.8180E-01  1.745E+05
 4@Optics[49]             beta.a <max>            BEGINNING   END        7.0000E+02   7.5858E+02  3.432E+04  D1508#2
 4@Optics[46]             4@lat::etap.a[END] <target>                   -3.3617E-02  -1.6807E-02  2.826E+04
 4@Optics[44]             4@lat::alpha.b[END] <target>                  -3.6359E+00  -3.5727E+00  4.005E+03
 4@Optics[50]             beta.b <max>            BEGINNING   END        7.0000E+02   7.1407E+02  1.978E+03  D1507#2
 4@Optics[45]             4@lat::eta.a[END] <target>                     7.3483E-02   7.4246E-02  5.821E+01
 4@Optics[41]             4@lat::beta.a[END] <target>                    2.6023E+00   2.6023E+00  1.942E+00
 4@Optics[42]             4@lat::beta.b[END] <target>                    8.0350E+00   8.0350E+00  2.092E-02
 4@Optics[48]             4@lat::r.56[END] <target>                      1.9190E-01   1.9190E-01  1.408E-02
 Twiss_P15_FirstThree[1]  4@M15Q1[K1]                         30.86      6.0000E-01   1.7405E-01  0.000E+00
 Constraints                            Ref_Ele    Start_Ele   Ele/S    Meas-or-Lim    Model       Merit      Max_Loc
 
  figure of merit: 2.430792E+05
 
 List of non-zero contributors to the Merit Function:
 Name                                          Merit           Sigma [= sqrt(Chi^2/N)]
 Optics.Twiss                                  2.4308E+05      2.0083E+01
