 M9Q1[K1] = -5.12327241388437438E-001   ! Not used in optimizing
 M9Q2[K1] =  5.98585252814414104E-001   ! Not used in optimizing
 M9Q3[K1] = -1.79720264509516586E-001   ! Not used in optimizing
 M9Q4[K1] = -3.66794671098070124E-001   ! Not used in optimizing
 M9Q5[K1] = -2.33827953071186645E-001   ! Not used in optimizing
 M9Q6[K1] = -4.74902891468852451E-001   ! Not used in optimizing
 M9Q7[K1] =  5.99999999999999978E-001   ! Not used in optimizing
 M9Q8[K1] =  4.42944730648552165E-001   ! Not used in optimizing
 M9Q9[K1] = -5.99999999999999978E-001   ! Not used in optimizing
 M9Q10[K1] = -2.82625105321705428E-001   ! Not used in optimizing
 M9Q11[K1] =  5.98108590185153055E-001   ! Not used in optimizing
 M9Q12[K1] =  5.97924280362875593E-001   ! Not used in optimizing
 M9Q13[K1] = -2.07353810004189086E-002   ! Not used in optimizing
 M9Q14[K1] = -5.78337001722433408E-001   ! Not used in optimizing
 M9Q15[K1] = -8.86428772960697470E-002   ! Not used in optimizing
 M9Q16[K1] =  5.99999999999999978E-001   ! Not used in optimizing
 M9Q17[K1] = -4.60021791665212343E-001   ! Not used in optimizing
 M9Q18[K1] =  2.77131784052146835E-001   ! Not used in optimizing
 M9Q19[K1] =  5.99999999999999978E-001   ! Not used in optimizing
 M9Q20[K1] = -5.72685703803746837E-001   ! Not used in optimizing
 
 end_file
 
 
 ! Top 10
 
 Constraints                           Ref_Ele    Start_Ele   Ele/S    Meas-or-Lim    Model       Merit      Max_Loc
 6@Optics[64]            6@lat::alpha.b[END] <target>                  -7.5245E+00  -5.8547E+00  2.788E+08
 6@Optics[63]            6@lat::alpha.a[END] <target>                   1.2471E+00   5.9516E-01  4.250E+07
 6@Optics[65]            6@lat::eta.a[END] <target>                     9.3226E-02   5.5529E-01  2.135E+07
 6@Optics[66]            6@lat::etap.a[END] <target>                   -3.5015E-02  -6.9587E-02  1.195E+05
 6@Optics[62]            6@lat::beta.b[END] <target>                    1.6840E+01   1.6840E+01  4.642E+02
 6@Optics[68]            6@lat::r.56[END] <target>                      2.8081E-01   2.8081E-01  2.303E+01
 6@Optics[61]            6@lat::beta.a[END] <target>                    2.4552E+00   2.4552E+00  1.943E+01
 6@Optics[69]            beta.a <max>            BEGINNING   END        7.0000E+02   1.4796E+02  0.000E+00  M19Q5
 6@Optics[70]            beta.b <max>            BEGINNING   END        7.0000E+02   5.9460E+02  0.000E+00  M19Q12
 Twiss_P19_FirstFive[1]  6@M19Q1[K1]                         33.36      6.0000E-01   7.0270E-02  0.000E+00
 Constraints                           Ref_Ele    Start_Ele   Ele/S    Meas-or-Lim    Model       Merit      Max_Loc
 
  figure of merit: 3.427741E+08
 
 List of non-zero contributors to the Merit Function:
 Name                                          Merit           Sigma [= sqrt(Chi^2/N)]
 Optics.Twiss                                  3.4277E+08      6.9977E-01
