! pe4.bmad
! File containing pass 4 optics for the east arc
! Twiss functions, energies, etc.

call, file = machine/EastArc.lat


parameter[geometry] = open          

parameter[p0c]                      = p_CENT
parameter[particle]                 = Electron


beginning[beta_a]    = 2.6022616022325
beginning[alpha_a]   = 1.3994868874858
beginning[eta_x]     = 0.073482867652305
beginning[etap_x]    = -0.03361681196688
beginning[beta_b]    = 8.0350149827542
beginning[alpha_b]   = -3.6359407981252
beginning[eta_y]     = -2.3098229845365E-28
beginning[etap_y]    = -8.9507574910557E-29
beginning[cmat_11]   = 2.4837204114595E-30
beginning[cmat_12]   = -9.8257584892626E-31
beginning[cmat_21]   = -3.1231782640068E-30
beginning[cmat_22]   = 4.83327026753E-30
particle_start[x]  = -0.011832604034131
particle_start[px] = 4.6947630840556E-3
particle_start[y]  = -1.4938644338515E-29
particle_start[py] = -1.272344777792E-29
particle_start[pz] = -0.14676616915423

