 M9Q1[K1] = -5.99999999951514318E-001   ! Not used in optimizing
 M9Q2[K1] =  5.40519239006319707E-001   ! Not used in optimizing
 M9Q3[K1] = -1.76477516094874082E-001   ! Not used in optimizing
 M9Q4[K1] = -4.38801505679497883E-001   ! Not used in optimizing
 M9Q5[K1] = -5.95733796634254145E-002   ! Not used in optimizing
 M9Q6[K1] = -9.80415551465353696E-002   ! Not used in optimizing
 M9Q7[K1] =  4.72498709007468043E-001   ! Not used in optimizing
 M9Q8[K1] =  2.11598216684973861E-001   ! Not used in optimizing
 M9Q9[K1] = -3.87656950799475708E-001   ! Not used in optimizing
 M9Q10[K1] = -4.63140837123765317E-002   ! Not used in optimizing
 M9Q11[K1] =  5.81139707010179141E-001   ! Not used in optimizing
 M9Q12[K1] =  5.34713684677891155E-001   ! Not used in optimizing
 M9Q13[K1] =  6.92994165462299250E-002   ! Not used in optimizing
 M9Q14[K1] = -5.70173163591148224E-001   ! Not used in optimizing
 M9Q15[K1] = -9.89896144932104760E-002   ! Not used in optimizing
 M9Q16[K1] =  5.67474849010426552E-001   ! Not used in optimizing
 M9Q17[K1] = -4.50085217902702561E-001   ! Not used in optimizing
 M9Q18[K1] =  3.67345562069525178E-001   ! Not used in optimizing
 M9Q19[K1] =  5.99999999999999978E-001   ! Not used in optimizing
 M9Q20[K1] = -5.99999999999999978E-001   ! Not used in optimizing
 
 end_file
 
 
 ! Top 10
 
 Constraints                            Ref_Ele    Start_Ele   Ele/S    Meas-or-Lim    Model       Merit      Max_Loc
 4@Optics[39]             beta.a <max>            BEGINNING   END        7.0000E+02   1.0755E+03  1.410E+05  D1508#2
 4@Optics[40]             beta.b <max>            BEGINNING   END        7.0000E+02   8.5944E+02  2.542E+04  D1507#2
 4@Optics[33]             4@lat::alpha.a[END] <target>                   1.3995E+00   1.3995E+00  1.416E+01
 4@Optics[31]             4@lat::beta.a[END] <target>                    2.6023E+00   2.6023E+00  1.965E+00
 4@Optics[34]             4@lat::alpha.b[END] <target>                  -3.6359E+00  -3.6359E+00  1.043E+00
 4@Optics[32]             4@lat::beta.b[END] <target>                    8.0350E+00   8.0350E+00  3.452E-02
 4@Optics[36]             4@lat::etap.a[END] <target>                   -3.3600E-02  -3.3600E-02  2.194E-02
 4@Optics[35]             4@lat::eta.a[END] <target>                     7.3500E-02   7.3500E-02  6.259E-05
 Twiss_P15_FirstThree[2]  4@M15Q2[K1]                         31.66     -6.0000E-01  -5.9619E-01  0.000E+00
 Twiss_P15_FirstThree[1]  4@M15Q1[K1]                         30.86     -6.0000E-01  -4.6007E-02  0.000E+00
 Constraints                            Ref_Ele    Start_Ele   Ele/S    Meas-or-Lim    Model       Merit      Max_Loc
 
  figure of merit: 1.664485E+05
 
 List of non-zero contributors to the Merit Function:
 Name                                          Merit           Sigma [= sqrt(Chi^2/N)]
 Optics.Twiss                                  1.6645E+05      1.4424E+02
