 MQS01[K1] =  5.18778202257611287E+000
 MQS02[K1] =  1.89805629996260983E+000
 MQS03[K1] = -2.16689630259179955E+000
 MQS04[K1] = -1.14071496199965106E+000
 MQS05[K1] =  3.46907068859459677E+000
 MQS06[K1] = -4.39500281881192745E+000
 MQS07[K1] = -1.07287758070781086E-002
 MQO01[K1] =  1.12333675546136771E+001
 MQO02[K1] = -1.05937262965583550E+001
 
 end_file
 
 
 ! Top 10
 
 Constraints                   Ref_Ele    Start_Ele   Ele/S    Meas-or-Lim    Model       Merit      Max_Loc
 twiss.b[3]  eta.b <target>                          END        0.0000E+00  -4.4743E-05  2.002E-03
 twiss.a[1]  beta.a <target>                         END        3.4243E+01   3.4243E+01  5.046E-08
 twiss.a[2]  alpha.a <target>                        END       -3.2967E+00  -3.2967E+00  1.725E-09
 twiss.a[3]  eta.a <target>                          END        0.0000E+00   3.0816E-08  9.496E-10
 twiss.b[2]  alpha.b <target>                        END        5.8551E-01   5.8551E-01  7.377E-11
 twiss.b[1]  beta.b <target>                         END        3.7626E+00   3.7626E+00  3.333E-11
 quad[9]     MQO02[K1]                               861.37    -5.0000E+01  -1.0594E+01  0.000E+00
 quad[8]     MQO01[K1]                               860.91     5.0000E+01   1.1233E+01  0.000E+00
 quad[7]     MQS07[K1]                               871.16    -5.0000E+01  -1.0729E-02  0.000E+00
 quad[6]     MQS06[K1]                               869.83    -5.0000E+01  -4.3950E+00  0.000E+00
 Constraints                   Ref_Ele    Start_Ele   Ele/S    Meas-or-Lim    Model       Merit      Max_Loc
 
  figure of merit: 2.002026E-03
 
 List of non-zero contributors to the Merit Function:
 Name                                          Merit           Sigma [= sqrt(Chi^2/N)]
 twiss.b                                       2.0020E-03      2.5833E-05
 twiss.a                                       5.3135E-08      1.3309E-07
 
 Constraints                   Ref_Ele    Start_Ele   Ele/S    Meas-or-Lim    Model       Merit      Max_Loc
 twiss.a[1]  beta.a <target>                         END        3.4243E+01   3.4243E+01  5.046E-08
 twiss.a[2]  alpha.a <target>                        END       -3.2967E+00  -3.2967E+00  1.725E-09
 twiss.a[3]  eta.a <target>                          END        0.0000E+00   3.0816E-08  9.496E-10
 twiss.b[1]  beta.b <target>                         END        3.7626E+00   3.7626E+00  3.333E-11
 twiss.b[2]  alpha.b <target>                        END        5.8551E-01   5.8551E-01  7.377E-11
 twiss.b[3]  eta.b <target>                          END        0.0000E+00  -4.4743E-05  2.002E-03
 quad[1]     MQS01[K1]                               863.19     5.0000E+01   5.1878E+00  0.000E+00
 quad[2]     MQS02[K1]                               864.52     5.0000E+01   1.8981E+00  0.000E+00
 quad[3]     MQS03[K1]                               865.85    -5.0000E+01  -2.1669E+00  0.000E+00
 quad[4]     MQS04[K1]                               867.17    -5.0000E+01  -1.1407E+00  0.000E+00
 quad[5]     MQS05[K1]                               868.50     5.0000E+01   3.4691E+00  0.000E+00
 quad[6]     MQS06[K1]                               869.83    -5.0000E+01  -4.3950E+00  0.000E+00
 quad[7]     MQS07[K1]                               871.16    -5.0000E+01  -1.0729E-02  0.000E+00
 quad[8]     MQO01[K1]                               860.91     5.0000E+01   1.1233E+01  0.000E+00
 quad[9]     MQO02[K1]                               861.37    -5.0000E+01  -1.0594E+01  0.000E+00
 Constraints                   Ref_Ele    Start_Ele   Ele/S    Meas-or-Lim    Model       Merit      Max_Loc
 
  figure of merit: 2.002026E-03
